0
0
0
44
12
64
43
63
142
7
19
124
63
8
35
18
23
41
29
46
37
34
54
40
53
16
45
10
39
20
18
25
24
27
17
20
37
20
19
15
18
10
22
15
22
11
14
33
22
14
19
17
29
19
22
19
21
21
11
16
19
33
30
34
15
39
11
19
19
39
39
19
20
21
19
24
13
10
20
13
28
52
39
11
17
30
43
36
19
13
19
17
55
37
40
20
19
27
33
27
40
30
19
36
24
38
23
16
25
38
34
17
7
18
17
24
27
14
32
6
11
8
59
68
58
66
47
62
62
60
55
34
56
31
6
29
65
52
42
65
92
78
9
84
46
58
41
59
43
34
47
43
30
43
43
51
37
48
62
43
55
59
19
34
24
39
9
7
6
16
18
9
10
19
20
19
18
7
16
8
21
9
12
4
12
0
12
4
26
12
11
31
13
0
14
16
15
17
32
23
31
25
23
33
13
13
31
18
27
19
16
26
23
28
17
30
17
31
12
16
20
7
17
18
8
31
15
22
16
10
12
17
12
10
4
4
15
3
12
26
10
13
15
9
16
9
9
11
9
10
18
17
22
11
4
9
11
0
19
1
56
4
10
101
15
25
4
4
5
37
32
36
10
5
37
26
16
14
62
55
42
8
60
78
27
20
16
37
47
47
0
22
13
14
0
28
0
22
3
5
1
2
5
1
45
1
0
2
2
0
0
0
1
0
0
0
0
1
0
0
0
0
0
1
0
0
1
0
0
0
0
0
5
1
1
0
1
0
2
0
0
1
3
3
0
0
0
0
0
0
0
0
3
0
0
0
0
0
0
0
0
0
0
0
0
3
0
0
0
0
3
1
1
0
0
0
1
1
0
0
0
2
0
0
0
0
0
0
1
0
0
0
0
1
0
0
0
0
0
1
0
0
0
0
1
0
0
0
0
1
0
0
0
0
0
0
0
0
0
0
0
0
0
0
0
0
2
0
0
1
0
0
7
2
0
0
3
0
1
1
0
1
0
0
0
0
0
1
0
2
0
0
1
0
0
3
0
0
0
0
2
6
0
2
0
0
0
0
0
0
0
0
0
2
0
1
0
0
0
3
3
0
0
0
0
0
0
0
1
1
0
0
0
1
0
0
0
1
0
3
0
0
2
1
0
0
0
0
0
0
0
0
0
0
1
0
3
0
0
0
0
0
0
1
0
0
0
0
0
0
0
0
1
0
0
0
0
0
0
1
0
0
0
0
0
0
1
0
0
1
0
0
0
0
1
0
0
0
0
0
0
0
0
0
0
0
2
0
0
0
0
0
7
2
0
0
1
0
1
2
0
0
0
0
0
0
0
0
0
0
2
2
0
0
0
0
0
0
0
1
0
0
0
7
0
0
0
2
0
0
1
0
0
0
0
0
0
0
0
0
0
0
0
0
5
0
0
0
0
